{"inst1": [[0.0, 0.0, 0.0, 0.0, 0.0, 0.0, 0.0, 0.0, 0.0, 0.0], [0.0, 0.0, 19.0, 17.0, 34.0, 7.0, 20.0, 10.0, 17.0, 29.0], [0.0, 19.0, 0.0, 10.0, 42.0, 26.0, 3.0, 27.0, 25.0, 15.0], [0.0, 17.0, 10.0, 0.0, 47.0, 23.0, 13.0, 26.0, 15.0, 25.0], [0.0, 34.0, 42.0, 47.0, 0.0, 36.0, 39.0, 25.0, 51.0, 36.0], [0.0, 7.0, 26.0, 23.0, 36.0, 0.0, 27.0, 11.0, 17.0, 36.0], [0.0, 20.0, 3.0, 13.0, 39.0, 27.0, 0.0, 26.0, 27.0, 12.0], [0.0, 10.0, 27.0, 26.0, 25.0, 11.0, 26.0, 0.0, 26.0, 31.0], [0.0, 17.0, 25.0, 15.0, 51.0, 17.0, 27.0, 26.0, 0.0, 39.0], [0.0, 29.0, 15.0, 25.0, 36.0, 36.0, 12.0, 31.0, 39.0, 0.0]], "inst2": [[0.0, 0.0, 0.0, 0.0, 0.0, 0.0, 0.0, 0.0, 0.0, 0.0], [0.0, 0.0, 16.0, 22.0, 34.0, 11.0, 19.0, 32.0, 16.0, 10.0], [0.0, 16.0, 0.0, 37.0, 44.0, 25.0, 35.0, 33.0, 32.0, 26.0], [0.0, 22.0, 37.0, 0.0, 22.0, 22.0, 15.0, 48.0, 12.0, 16.0], [0.0, 34.0, 44.0, 22.0, 0.0, 40.0, 37.0, 66.0, 34.0, 34.0], [0.0, 11.0, 25.0, 22.0, 40.0, 0.0, 12.0, 26.0, 11.0, 6.0], [0.0, 19.0, 35.0, 15.0, 37.0, 12.0, 0.0, 36.0, 4.0, 9.0], [0.0, 32.0, 33.0, 48.0, 66.0, 26.0, 36.0, 0.0, 37.0, 32.0], [0.0, 16.0, 32.0, 12.0, 34.0, 11.0, 4.0, 37.0, 0.0, 6.0], [0.0, 10.0, 26.0, 16.0, 34.0, 6.0, 9.0, 32.0, 6.0, 0.0]], "inst3": [[0.0, 0.0, 0.0, 0.0, 0.0, 0.0, 0.0, 0.0, 0.0, 0.0], [0.0, 0.0, 21.0, 50.0, 14.0, 84.0, 41.0, 58.0, 24.0, 46.0], [0.0, 21.0, 0.0, 68.0, 30.0, 105.0, 59.0, 76.0, 20.0, 63.0], [0.0, 50.0, 68.0, 0.0, 38.0, 67.0, 57.0, 66.0, 55.0, 9.0], [0.0, 14.0, 30.0, 38.0, 0.0, 84.0, 48.0, 64.0, 20.0, 33.0], [0.0, 84.0, 105.0, 67.0, 84.0, 0.0, 49.0, 38.0, 104.0, 75.0], [0.0, 41.0, 59.0, 57.0, 48.0, 49.0, 0.0, 17.0, 65.0, 60.0], [0.0, 58.0, 76.0, 66.0, 64.0, 38.0, 17.0, 0.0, 82.0, 71.0], [0.0, 24.0, 20.0, 55.0, 20.0, 104.0, 65.0, 82.0, 0.0, 48.0], [0.0, 46.0, 63.0, 9.0, 33.0, 75.0, 60.0, 71.0, 48.0, 0.0]]}